96 0 4 0 0
77 3 20 0 0
28 13 59 0 0
1 16 83 0 0
0 16 84 0 0
0 16 84 0 0
0 16 84 0 0
0 16 84 0 0
0 16 84 0 0
0 16 84 0 0
0 16 84 0 0
0 16 84 0 0
0 16 84 0 0
0 16 84 0 0
0 16 84 0 0
0 16 80 0 4
0 13 64 0 23
0 3 25 0 72
0 0 1 0 99
0 0 0 0 100
0 0 0 0 100
0 0 0 0 100
0 0 0 0 100
0 0 0 0 100
0 0 0 0 100
0 0 0 0 100
0 0 0 0 100
0 0 0 0 100
0 0 0 0 100
0 0 0 0 100
0 0 0 0 100
0 0 0 0 100
0 0 0 0 100
0 0 0 0 100
0 0 0 0 100
0 0 0 0 100
0 0 0 0 100
0 0 0 0 100
0 0 0 0 100
0 0 0 0 100
0 0 0 0 100
0 0 0 0 100
0 0 0 0 100
0 0 0 0 100
0 0 0 0 100
0 0 0 0 100
0 0 0 0 100
0 0 0 0 100
0 0 0 0 100
0 0 0 0 100
0 0 0 0 100
0 0 0 0 100
0 0 0 0 100
0 0 0 0 100
0 0 0 0 100
0 0 0 0 100
0 0 0 0 100
0 0 0 0 100
0 0 0 0 100
0 0 0 0 100
